#lon lat depth str dip slip st dip slip magnt exp plon plat
20.5957 38.6662 10 203 88 159 293 69 2 6.4 0 20.45 38.66 t071007 Mw=6.4
20.557 38.6515 8 119 57 27 14 68 144 5 0 20.46 38.60 t083340 Mw=5.0
20.4857 38.4862 2 119 86 27 27 63 176 4 0 20.4 38.49 t114945
20.6145 38.7025 4 312 83 23 219 67 172 4.5 0 20.45 38.79 t115725
20.6538 38.7022 4 211 69 165 306 76 22 4.7 0 20.76 38.74 t123756
20.6017 38.704 4 224 30 176 317 88 60 4.2 0 20.42 38.74 t193934
20.5177 38.4967 8 345 67 157 84 69 25 4.4 0 20.4 38.53 18t051813
20.5915 38.8443 10 196 81 -165 103 75 -10 5 0 20.49 38.9 18t121538
## Kefalonia
# 20.39 38.22 6 18 67 164 114 75 24 6.0 0 20.31 38.09 Jan26, Mw=6.0
# 20.39 38.22 6 18 67 164 114 75 24 6.0 0 20.31 38.28 Jan26, Mw=6.0
# 20.4417 38.236 6 149 64 65 16 35 131 5.3 0 20.54 38.35 Jan 26, Mw=5.3
# 20.3737 38.2535 10.5 294 78 35 196 56 166 5.9 0 20.32 38.37 Feb 3, Mw=5.9